0	0	11	1
1	0	19	1
2	0	2	1
3	0	3	1
4	0	21	1
5	1	3	1
6	1	6	1
7	2	6	1
8	2	54	1
9	5	10	1
10	5	20	1
11	6	7	1
12	8	56	1
13	8	9	1
14	8	28	1
15	8	12	1
16	9	26	1
17	9	15	1
18	10	25	1
19	11	48	1
20	11	14	1
21	12	51	1
22	12	13	1
23	13	27	1
24	13	28	1
25	14	41	1
26	15	51	1
27	16	17	1
28	16	42	1
29	17	36	1
30	17	37	1
31	18	19	1
32	18	47	1
33	20	22	1
34	20	21	1
35	22	32	1
36	23	32	1
37	23	24	1
38	24	25	1
39	25	32	1
40	26	58	1
41	27	33	1
42	28	31	1
43	29	45	1
44	29	30	1
45	30	32	1
46	30	42	1
47	31	33	1
48	33	55	1
49	34	43	1
50	34	60	1
51	34	62	1
52	35	36	1
53	35	38	1
54	37	40	1
55	37	38	1
56	39	40	1
57	39	42	1
58	41	42	1
59	41	42	1
60	43	44	1
61	44	49	1
62	44	47	1
63	45	49	1
64	45	52	1
65	45	46	1
66	46	47	1
67	47	48	1
68	49	50	1
69	49	59	1
70	50	51	1
71	51	52	1
72	53	62	1
73	53	54	1
74	55	56	1
75	56	57	1
76	57	58	1
77	58	59	1
78	59	60	1
